0 0.13778378069400787 0.23593440651893616 0.046349942684173584 0.12553010880947113
0 0.21202953159809113 0.2574215531349182 0.08325822651386261 0.11874470114707947
0 0.11932964622974396 0.3456318974494934 0.06952491402626038 0.09612666070461273
0 0.2043045312166214 0.3603336215019226 0.09527488052845001 0.06446141004562378
0 0.28970858454704285 0.2585524320602417 0.08068323135375977 0.16398078203201294
0 0.37940430641174316 0.25629064440727234 0.0884082242846489 0.11874470114707947
0 0.16782541573047638 0.4468476176261902 0.14591647684574127 0.07690133154392242
0 0.2759752869606018 0.41235509514808655 0.0772499069571495 0.0780322328209877
0 0.33262521028518677 0.3750353455543518 0.05493326485157013 0.08934125304222107
0 0.39099180698394775 0.32697200775146484 0.06694991886615753 0.0882103443145752
0 0.46051672101020813 0.24667797982692719 0.0944165512919426 0.10856658220291138
0 0.5841165781021118 0.2659032940864563 0.1424831598997116 0.1854679137468338
0 0.47467920184135437 0.34619733691215515 0.08154156804084778 0.06559231132268906
0 0.5334749817848206 0.34337007999420166 0.05493326485157013 0.06446141004562378
0 0.7394747138023376 0.2099236696958542 0.1596498042345047 0.08481764048337936
0 0.73518306016922 0.3450664281845093 0.16823312640190125 0.16284987330436707
0 0.17597956955432892 0.5752049684524536 0.11759152263402939 0.1458863466978073
0 0.2639586329460144 0.5107435584068298 0.060083258897066116 0.08934125304222107
0 0.32490020990371704 0.49038732051849365 0.05836659297347069 0.1074356809258461
0 0.39142096042633057 0.4485439658164978 0.07467490434646606 0.12779191136360168
0 0.5107291340827942 0.4570257365703583 0.1587914675474167 0.13570822775363922
0 0.6158748269081116 0.38747525215148926 0.05493326485157013 0.055414192378520966
0 0.6600789427757263 0.4717274606227875 0.11415819078683853 0.10856658220291138
0 0.7725204825401306 0.5135708451271057 0.11587485671043396 0.1311846226453781
0 0.16095875203609467 0.7097823023796082 0.09613320976495743 0.11874470114707947
0 0.24936698377132416 0.6498445272445679 0.07896656543016434 0.15493355691432953
0 0.3394918739795685 0.6272264719009399 0.09098321944475174 0.14814814925193787
0 0.46266254782676697 0.5593723654747009 0.12102484703063965 0.1074356809258461
0 0.5871207118034363 0.5752049684524536 0.11930818110704422 0.16398078203201294
0 0.6995622515678406 0.6758552193641663 0.23432470858097076 0.23635849356651306
0 0.5197416543960571 0.6990387439727783 0.09613320976495743 0.14475543797016144
0 0.41931676864624023 0.6860333681106567 0.09098321944475174 0.12779191136360168
0 0.36652934551239014 0.8183488845825195 0.15535813570022583 0.19790783524513245
0 0.2588086426258087 0.8262652158737183 0.07381657510995865 0.18433700501918793
0 0.1691129207611084 0.8528413772583008 0.10557486861944199 0.13797003030776978
0 0.5064374804496765 0.853972315788269 0.11415819078683853 0.13570822775363922
0 0.7064288854598999 0.8641504049301147 0.25149133801460266 0.11309018731117249
