0 0.11631561815738678 0.1379777491092682 0.056312933564186096 0.09223496913909912
0 0.18313468992710114 0.15181300044059753 0.07228226959705353 0.13604657351970673
0 0.12051808089017868 0.2636478841304779 0.07312276214361191 0.09454084187746048
0 0.18691690266132355 0.2705655097961426 0.04622703418135643 0.08992909640073776
0 0.13816839456558228 0.34435349702835083 0.07312276214361191 0.06687035411596298
0 0.07933399081230164 0.4071885645389557 0.051269982010126114 0.12336426973342896
0 0.14237086474895477 0.4273649752140045 0.0647178441286087 0.07839972525835037
0 0.12219905853271484 0.49769413471221924 0.08993259072303772 0.06917622685432434
0 0.20330649614334106 0.5057646632194519 0.07228226959705353 0.08531734347343445
0 0.2150733768939972 0.42505908012390137 0.07228226959705353 0.07609385251998901
0 0.22936172783374786 0.3472358286380768 0.0605153888463974 0.05649391934275627
0 0.25205498933792114 0.21118925511837006 0.08068718761205673 0.18792875111103058
0 0.2831531763076782 0.2146480679512024 0.052110474556684494 0.09569378197193146
0 0.2919783592224121 0.303424209356308 0.05967489629983902 0.06802328675985336
0 0.30374523997306824 0.4221767485141754 0.08993259072303772 0.1533406376838684
0 0.3234967887401581 0.3777886629104614 0.0823681652545929 0.0876232236623764
0 0.34619006514549255 0.2792125344276428 0.07228226959705353 0.15564650297164917
0 0.3432483375072479 0.14143656194210052 0.07648472487926483 0.0991525948047638
0 0.44200608134269714 0.14950712025165558 0.10085897892713547 0.13835245370864868
0 0.4306594431400299 0.2757537364959717 0.0949755385518074 0.08185853809118271
0 0.47184354066848755 0.4077650308609009 0.07984669506549835 0.1706346869468689
0 0.39031586050987244 0.4071885645389557 0.07312276214361191 0.12797601521015167
0 0.3714047968387604 0.5046117305755615 0.03193867951631546 0.050729233771562576
0 0.4209938049316406 0.541505753993988 0.08404915034770966 0.07839972525835037
0 0.45881590247154236 0.5853173732757568 0.038662608712911606 0.05534098297357559
0 0.5285767316818237 0.5230587124824524 0.09245406836271286 0.08531734347343445
0 0.5403435826301575 0.5899291038513184 0.06723932176828384 0.08992909640073776
0 0.5096656680107117 0.6573759317398071 0.09665652364492416 0.05879979208111763
0 0.42855823040008545 0.6550700664520264 0.05883440747857094 0.09799965471029282
0 0.3344231843948364 0.5564939379692078 0.07396325469017029 0.09684671461582184
0 0.3008035123348236 0.6487289071083069 0.07228226959705353 0.12221133708953857
0 0.32433727383613586 0.6971522569656372 0.04370556026697159 0.05764685571193695
0 0.2625611424446106 0.5276705026626587 0.052950967103242874 0.07609385251998901
0 0.24154885113239288 0.5818585157394409 0.04118408262729645 0.08531734347343445
0 0.18565617501735687 0.6049172878265381 0.053791455924510956 0.1152937114238739
0 0.23440468311309814 0.6544935703277588 0.052110474556684494 0.05995272845029831
0 0.10917144268751144 0.6135643124580383 0.09581603109836578 0.13028189539909363
0 0.11337389796972275 0.7380815148353577 0.04538654163479805 0.1095290258526802
0 0.17767150700092316 0.7023404836654663 0.08488964289426804 0.06110566854476929
0 0.18271444737911224 0.8222458958625793 0.0949755385518074 0.1810111254453659
0 0.10917144268751144 0.8435752391815186 0.05883440747857094 0.0991525948047638
0 0.27811023592948914 0.8741281032562256 0.07396325469017029 0.06341154128313065
0 0.24407033622264862 0.7651755213737488 0.052950967103242874 0.13835245370864868
0 0.30416548252105713 0.8107165694236755 0.08909209817647934 0.14181126654148102
0 0.3844324052333832 0.8355047106742859 0.07984669506549835 0.1268230825662613
0 0.3785489797592163 0.6965757608413696 0.06976079940795898 0.14411713182926178
0 0.43654289841651917 0.7715166807174683 0.05967489629983902 0.09799965471029282
0 0.47520551085472107 0.8464576005935669 0.11346635222434998 0.07263503968715668
0 0.5008404850959778 0.7530696988105774 0.06555833667516708 0.11644665151834488
0 0.5672393441200256 0.7311639189720154 0.0689203068614006 0.05879979208111763
0 0.5823681950569153 0.7888107299804688 0.0689203068614006 0.04496454820036888
0 0.576484739780426 0.8539516925811768 0.06219637393951416 0.06917622685432434
0 0.6559111475944519 0.8308929204940796 0.07480374723672867 0.13835245370864868
0 0.627334475517273 0.7323168516159058 0.04454604908823967 0.0495762974023819
0 0.7315554022789001 0.8533751964569092 0.05799391493201256 0.07263503968715668
0 0.7975339889526367 0.8049518465995789 0.06219637393951416 0.15564650297164917
0 0.8643530607223511 0.8314694166183472 0.07984669506549835 0.16948175430297852
0 0.740380585193634 0.788234293460846 0.050429489463567734 0.06917622685432434
0 0.6823866367340088 0.7052227854728699 0.053791455924510956 0.07839972525835037
0 0.7433223128318787 0.7052227854728699 0.05967489629983902 0.06687035411596298
0 0.7899695634841919 0.6723641157150269 0.0605153888463974 0.1210583969950676
0 0.8618316054344177 0.6936934590339661 0.07312276214361191 0.0876232236623764
0 0.5958160161972046 0.6406583189964294 0.07396325469017029 0.0991525948047638
0 0.6109448671340942 0.521905779838562 0.06387735903263092 0.1268230825662613
0 0.6685185432434082 0.6026114225387573 0.04286506772041321 0.12451720982789993
0 0.7033989429473877 0.5847408771514893 0.03193867951631546 0.09799965471029282
0 0.7429020404815674 0.5876232385635376 0.04538654163479805 0.10376434028148651
0 0.8080401420593262 0.574364423751831 0.06135588139295578 0.08185853809118271
0 0.8630923628807068 0.5363175272941589 0.06219637393951416 0.17870524525642395
0 0.640782356262207 0.47463539242744446 0.02941720373928547 0.07609385251998901
0 0.6849081516265869 0.4844353497028351 0.053791455924510956 0.11644665151834488
0 0.733656644821167 0.4671413004398346 0.03361966088414192 0.0772467851638794
0 0.7840861082077026 0.4734824597835541 0.08068718761205673 0.10145846754312515
0 0.5348803997039795 0.4331296384334564 0.04958900064229965 0.07609385251998901
0 0.5844693779945374 0.40834149718284607 0.04622703418135643 0.08416441082954407
0 0.5479080080986023 0.3570357859134674 0.02857671119272709 0.06687035411596298
0 0.5672393441200256 0.2965066134929657 0.09245406836271286 0.11875252425670624
0 0.505463182926178 0.28901252150535583 0.036141134798526764 0.041505735367536545
0 0.5058834552764893 0.23309506475925446 0.04370556026697159 0.0495762974023819
0 0.506723940372467 0.1702599823474884 0.036981627345085144 0.053035106509923935
0 0.5529509782791138 0.11434254050254822 0.07900620251893997 0.0495762974023819
0 0.5630368590354919 0.18870697915554047 0.04370556026697159 0.0714820995926857
0 0.639521598815918 0.19043639302253723 0.0991780012845993 0.10261140018701553
0 0.644984781742096 0.3068830370903015 0.07816570997238159 0.11644665151834488
0 0.7420615553855896 0.3138006627559662 0.11430684477090836 0.08647028356790543
0 0.6479265093803406 0.39854153990745544 0.08068718761205673 0.08531734347343445
0 0.7008774876594543 0.4025768041610718 0.038662608712911606 0.054188042879104614
0 0.7517272233963013 0.3852827548980713 0.08320865780115128 0.08185853809118271
0 0.8143438100814819 0.35934168100357056 0.053791455924510956 0.12451720982789993
0 0.867715060710907 0.4060356318950653 0.04622703418135643 0.08416441082954407
0 0.8647733330726624 0.33743587136268616 0.050429489463567734 0.05995272845029831
0 0.8714972734451294 0.2648008167743683 0.05883440747857094 0.08070559799671173
0 0.8093008995056152 0.23309506475925446 0.05715342238545418 0.09569378197193146
0 0.7307149171829224 0.22848330438137054 0.07648472487926483 0.05879979208111763
0 0.709282398223877 0.1368248164653778 0.04370556026697159 0.06456448137760162
0 0.7744204998016357 0.1696835160255432 0.06807981431484222 0.054188042879104614
0 0.8567886352539062 0.1483541876077652 0.07816570997238159 0.14065833389759064
0 0.7651751041412354 0.0987778902053833 0.0949755385518074 0.07378797233104706
0 0.6348989009857178 0.10569550842046738 0.07480374723672867 0.04611748456954956
0 0.6849081516265869 0.10050728917121887 0.035300642251968384 0.07032916694879532
0 0.18103346228599548 0.15123651921749115 0.06807981431484222 0.12336426973342896
