0 0.1750900149345398 0.6529043316841125 0.15543554723262787 0.08724161237478256
0 0.34953516721725464 0.7247412800788879 0.10926612466573715 0.19387024641036987
0 0.473579078912735 0.754377543926239 0.09941425919532776 0.13953718543052673
0 0.522390604019165 0.6160751581192017 0.11463987082242966 0.09755254536867142
0 0.6141920685768127 0.6197797060012817 0.06538055092096329 0.11237064749002457
0 0.6267307996749878 0.7414116859436035 0.1119529977440834 0.13830234110355377
0 0.7382359504699707 0.6741127371788025 0.10030988603830338 0.1568249762058258
0 0.8031687140464783 0.39380356669425964 0.14419546723365784 0.48282334208488464
0 0.15742382407188416 0.7216541767120361 0.13882172107696533 0.15805982053279877
0 0.43685850501060486 0.30242523550987244 0.6367886662483215 0.4704749286174774
