0 0.09660296887159348 0.11294261366128922 0.06369426846504211 0.08669108897447586
0 0.18639419972896576 0.19474969804286957 0.06634819507598877 0.16727717220783234
0 0.10633403807878494 0.24053724110126495 0.11854211241006851 0.10500610619783401
0 0.094391368329525 0.38034188747406006 0.07519461959600449 0.15018315613269806
0 0.1872788369655609 0.3504273593425751 0.10881104320287704 0.13431014120578766
0 0.24654988944530487 0.4126984179019928 0.10881104320287704 0.10744810849428177
0 0.11960367858409882 0.5164835453033447 0.10615710914134979 0.11721611768007278
0 0.22531847655773163 0.5183150172233582 0.07696390897035599 0.10866910964250565
0 0.09571833163499832 0.6282051205635071 0.04953998699784279 0.08180708438158035
0 0.1218152865767479 0.7167277336120605 0.08757961541414261 0.0683760717511177
0 0.11296886205673218 0.797924280166626 0.06811747699975967 0.0793650820851326
0 0.14393135905265808 0.8858363628387451 0.06280962377786636 0.0793650820851326
0 0.2425689995288849 0.1300366371870041 0.12384996563196182 0.15995116531848907
0 0.3266100585460663 0.1538461595773697 0.0566171258687973 0.11721611768007278
0 0.3133403956890106 0.2796092927455902 0.10261854529380798 0.10500610619783401
0 0.358014851808548 0.4157509207725525 0.11588817834854126 0.14529915153980255
0 0.3031670153141022 0.5158730149269104 0.06988676637411118 0.07692307978868484
0 0.29653221368789673 0.6013430953025818 0.09377211332321167 0.09157509356737137
0 0.20629864931106567 0.6526251435279846 0.14508138597011566 0.10378510504961014
0 0.18639419972896576 0.7893772721290588 0.06634819507598877 0.0793650820851326
0 0.2788393497467041 0.8693528771400452 0.10615710914134979 0.10989011079072952
0 0.2828202545642853 0.7301587462425232 0.12296532094478607 0.14652015268802643
0 0.3903043270111084 0.6776556968688965 0.08846426010131836 0.16117216646671295
0 0.38190022110939026 0.817460298538208 0.06104033812880516 0.0842490866780281
0 0.46815288066864014 0.8693528771400452 0.08669497817754745 0.07570207864046097
0 0.4703644812107086 0.6898657083511353 0.06811747699975967 0.13431014120578766
0 0.38366949558258057 0.5378510355949402 0.07696390897035599 0.10866910964250565
0 0.4685951769351959 0.5439560413360596 0.08934890478849411 0.0793650820851326
0 0.4836341142654419 0.45665445923805237 0.12296532094478607 0.09768009930849075
0 0.46992215514183044 0.3681318759918213 0.06900212168693542 0.06715507060289383
0 0.3942852020263672 0.29487180709838867 0.04511677101254463 0.10866910964250565
0 0.46594125032424927 0.2924298048019409 0.0805024802684784 0.08913309127092361
0 0.4433828592300415 0.18925519287586212 0.08492568880319595 0.095238097012043
0 0.39649680256843567 0.13431014120578766 0.07961783558130264 0.07814408093690872
0 0.4725760817527771 0.10805860906839371 0.08492568880319595 0.07448107749223709
0 0.5168082118034363 0.1538461595773697 0.05130927264690399 0.07814408093690872
0 0.5729830265045166 0.11538461595773697 0.09465675801038742 0.08180708438158035
0 0.610580325126648 0.21672771871089935 0.14331209659576416 0.12576313316822052
0 0.594656765460968 0.34065935015678406 0.13623495399951935 0.095238097012043
0 0.601733922958374 0.4536019563674927 0.10438782721757889 0.09401709586381912
0 0.5743100047111511 0.5183150172233582 0.08669497817754745 0.09645909816026688
0 0.5880219340324402 0.6807081699371338 0.09996461123228073 0.12087912112474442
0 0.6167728304862976 0.7710622549057007 0.07254069298505783 0.0842490866780281
0 0.5778485536575317 0.887057363986969 0.07961783558130264 0.09157509356737137
0 0.6729476451873779 0.8626373410224915 0.10350318253040314 0.10378510504961014
0 0.799893856048584 0.8894993662834167 0.11677282303571701 0.10134310275316238
0 0.7468152642250061 0.8223443031311035 0.040693558752536774 0.05494505539536476
0 0.8494338393211365 0.7930402755737305 0.06192498281598091 0.07203907519578934
0 0.7326610088348389 0.7564102411270142 0.13092710077762604 0.10622710734605789
0 0.6862172484397888 0.6758241653442383 0.0858103334903717 0.11355311423540115
0 0.8060863614082336 0.608669102191925 0.1698513776063919 0.2576312720775604
0 0.6623319387435913 0.42490842938423157 0.05573248490691185 0.11965811997652054
0 0.6658704876899719 0.5402930378913879 0.09996461123228073 0.13553114235401154
0 0.8423566818237305 0.41025641560554504 0.10084925591945648 0.07570207864046097
0 0.7662774324417114 0.45482295751571655 0.07784854620695114 0.0793650820851326
0 0.7313340306282043 0.39255189895629883 0.06634819507598877 0.07448107749223709
0 0.7822009921073914 0.34188035130500793 0.0566171258687973 0.095238097012043
0 0.841029703617096 0.25457876920700073 0.06988676637411118 0.1428571492433548
0 0.7025831341743469 0.32600733637809753 0.040693558752536774 0.05128205195069313
0 0.7441613674163818 0.2588522732257843 0.09731068462133408 0.10012210160493851
0 0.7914897203445435 0.12210012227296829 0.12650389969348907 0.08791209012269974
0 0.7140834927558899 0.12148962169885635 0.09023354202508926 0.10134310275316238
0 0.6521584987640381 0.09645909816026688 0.04953998699784279 0.07081807404756546
