0 0.19611714780330658 0.16409429907798767 0.11001100391149521 0.10114632546901703
0 0.28042885661125183 0.14473913609981537 0.06221933662891388 0.11737968772649765
0 0.32822051644325256 0.2546265125274658 0.07123663276433945 0.1648310422897339
0 0.2064870446920395 0.30519968271255493 0.12714385986328125 0.16607977449893951
0 0.22316904366016388 0.5156090259552002 0.12624213099479675 0.2272670567035675
0 0.3295731246471405 0.6055168509483337 0.08115565776824951 0.17981569468975067
0 0.22226731479167938 0.7122824192047119 0.14788363873958588 0.14110536873340607
0 0.22632509469985962 0.8515146970748901 0.07304009050130844 0.0924052819609642
0 0.3507637679576874 0.8046876788139343 0.12173348665237427 0.16857720911502838
0 0.4833180010318756 0.8265402913093567 0.11632310599088669 0.11238480359315872
0 0.510820746421814 0.730388879776001 0.1136179193854332 0.06493344157934189
0 0.6361611485481262 0.8134287595748901 0.12984904646873474 0.14859768748283386
0 0.509017288684845 0.647348940372467 0.11902829259634018 0.08616168797016144
0 0.4066709876060486 0.6554656624794006 0.083860844373703 0.0924052819609642
0 0.408925324678421 0.5418321490287781 0.07574527710676193 0.08241552114486694
0 0.5013526082038879 0.529344916343689 0.08746775984764099 0.11488224565982819
0 0.38412776589393616 0.4113408625125885 0.1722303330898285 0.14859768748283386
0 0.39810457825660706 0.16409429907798767 0.06853144615888596 0.11363352835178375
0 0.4084744453430176 0.2758547365665436 0.05861241742968559 0.11737968772649765
0 0.5063121318817139 0.1497340202331543 0.12443867325782776 0.08990784734487534
0 0.5279536247253418 0.2196623533964157 0.18034590780735016 0.08241552114486694
0 0.5414795875549316 0.3270522654056549 0.1983805000782013 0.042456481605768204
0 0.6149705052375793 0.42070627212524414 0.35257625579833984 0.38210833072662354
0 0.5595141649246216 0.4188331961631775 0.1406698077917099 0.12612073123455048
0 0.669975996017456 0.5324667096138 0.2281375676393509 0.19105416536331177
0 0.6596060991287231 0.671074628829956 0.12083175778388977 0.09365400671958923
0 0.825975239276886 0.6554656624794006 0.13435769081115723 0.11987712234258652
0 0.8345416784286499 0.8171749114990234 0.17493551969528198 0.20104393362998962
0 0.8011776804924011 0.5412077903747559 0.07935220003128052 0.10614120215177536
0 0.8805298805236816 0.4800204932689667 0.08115565776824951 0.20853625237941742
0 0.8440098166465759 0.33579331636428833 0.09648505598306656 0.13236433267593384
0 0.7619524002075195 0.3576458990573883 0.07304009050130844 0.06368472427129745
0 0.680345892906189 0.3963562250137329 0.09919025003910065 0.13361304998397827
0 0.6726812124252319 0.292088121175766 0.06762971729040146 0.10239504277706146
0 0.654646635055542 0.17907895147800446 0.10009197890758514 0.10364376753568649
0 0.81876140832901 0.1728353500366211 0.20649605989456177 0.223520889878273
0 0.5342656970024109 0.2646162807941437 0.20198741555213928 0.1648310422897339
