0 0.04258764162659645 0.4492243528366089 0.0851752832531929 0.1062203049659729
0 0.08686192333698273 0.46439868211746216 0.17372384667396545 0.2906467914581299
0 0.08601860702037811 0.5385194420814514 0.17203721404075623 0.14240524172782898
0 0.0784287303686142 0.3984487056732178 0.1568574607372284 0.14007073640823364
0 0.06788723170757294 0.3710182011127472 0.13577446341514587 0.45406264066696167
0 0.07632042467594147 0.37510359287261963 0.15264084935188293 0.45756441354751587
0 0.07252548635005951 0.5017508864402771 0.14505097270011902 0.19726628065109253
0 0.07083885371685028 0.3237443268299103 0.14167770743370056 0.3431732952594757
0 0.055237434804439545 0.7457073926925659 0.11047486960887909 0.22528043389320374
0 0.03668440505862236 0.7112733721733093 0.07336881011724472 0.16575036942958832
0 0.09360848367214203 0.7521273493766785 0.18721696734428406 0.24512378871440887
0 0.04764755815267563 0.6972662806510925 0.09529511630535126 0.11205659061670303
0 0.06409229338169098 0.6167256236076355 0.12818458676338196 0.0957150012254715
0 0.07716374844312668 0.7457073926925659 0.15432749688625336 0.2789742052555084
0 0.027829548344016075 0.7252804040908813 0.05565909668803215 0.11205659061670303
0 0.08981354534626007 0.7287821769714355 0.17962709069252014 0.3291662335395813
0 0.05608075484633446 0.8192445635795593 0.11216150969266891 0.17158664762973785
0 0.02825120836496353 0.7655507922172546 0.05650241672992706 0.17625567317008972
0 0.023191289976239204 0.6972662806510925 0.04638257995247841 0.049024756997823715
0 0.025721248239278793 0.8099064826965332 0.05144249647855759 0.07820615917444229
0 0.07083885371685028 0.7556291222572327 0.14167770743370056 0.16108134388923645
0 0.05312913656234741 0.647074282169342 0.10625827312469482 0.06536634266376495
0 0.04047934338450432 0.5531101822853088 0.08095868676900864 0.10155128687620163
0 0.03584108501672745 0.5309323072433472 0.0716821700334549 0.14357250928878784
0 0.026564568281173706 0.6044694185256958 0.05312913656234741 0.057195551693439484
0 0.0716821700334549 0.5408539772033691 0.1433643400669098 0.191430002450943
0 0.011384814977645874 0.5898787379264832 0.022769629955291748 0.049024756997823715
0 0.03541942685842514 0.5064198970794678 0.07083885371685028 0.12956543266773224
0 0.08011536300182343 0.33366599678993225 0.16023072600364685 0.47273874282836914
0 0.03204614669084549 0.509921669960022 0.06409229338169098 0.0922132357954979
0 0.025299590080976486 0.36168015003204346 0.05059918016195297 0.1202273815870285
0 0.031624484807252884 0.22978021204471588 0.06324896961450577 0.2299494594335556
0 0.04385261982679367 0.22160941362380981 0.08770523965358734 0.1949317753314972
0 0.021082991734147072 0.12297627329826355 0.042165983468294144 0.05369378253817558
0 0.07379046827554703 0.27063417434692383 0.14758093655109406 0.3116573989391327
0 0.07379046827554703 0.2023496925830841 0.14758093655109406 0.191430002450943
0 0.03584108501672745 0.151574045419693 0.0716821700334549 0.08987872302532196
0 0.049334198236465454 0.23036383092403412 0.09866839647293091 0.09104597568511963
0 0.06156233325600624 0.19126075506210327 0.12312466651201248 0.17158664762973785
0 0.04722589999437332 0.3208261728286743 0.09445179998874664 0.08287518471479416
0 0.02825120836496353 0.39144518971443176 0.05650241672992706 0.09338048845529556
