0 0.10283290594816208 0.29947739839553833 0.20566581189632416 0.05112474411725998
0 0.10483354330062866 0.34492161870002747 0.20966708660125732 0.060213588178157806
0 0.07482394576072693 0.3858214020729065 0.14964789152145386 0.05112474411725998
0 0.062019847333431244 0.4170643091201782 0.12403969466686249 0.03635537251830101
0 0.10683418810367584 0.358554869890213 0.21366837620735168 0.15791866183280945
0 0.019206145778298378 0.46080437302589417 0.038412291556596756 0.030674846842885017
0 0.07522407174110413 0.4937514066696167 0.15044814348220825 0.06930243223905563
0 0.06842189282178879 0.5295387506484985 0.13684378564357758 0.0318109504878521
0 0.054017286747694016 0.5556691884994507 0.10803457349538803 0.03862758353352547
0 0.08282650262117386 0.5136332511901855 0.16565300524234772 0.13406044244766235
0 0.07962547987699509 0.6420131921768188 0.15925095975399017 0.10452169924974442
0 0.04121318832039833 0.5556691884994507 0.08242637664079666 0.13860486447811127
0 0.0332106277346611 0.646557629108429 0.0664212554693222 0.05680527165532112
0 0.03761203587055206 0.7005226016044617 0.07522407174110413 0.053396955132484436
0 0.036411650478839874 0.8095887303352356 0.07282330095767975 0.04203590005636215
0 0.048415493220090866 0.8442399501800537 0.09683098644018173 0.04317200556397438
0 0.07922535389661789 0.7914110422134399 0.15845070779323578 0.10565780848264694
0 0.03120998665690422 0.6590547561645508 0.06241997331380844 0.04317200556397438
0 0.03721190616488457 0.7033628821372986 0.07442381232976913 0.047716427594423294
0 0.05481754243373871 0.6238355040550232 0.10963508486747742 0.07043853402137756
0 0.0556177981197834 0.690865695476532 0.1112355962395668 0.04998863860964775
0 0.04761523753404617 0.6959781646728516 0.09523047506809235 0.060213588178157806
0 0.03481113910675049 0.6226993799209595 0.06962227821350098 0.04998863860964775
0 0.03241037204861641 0.24324017763137817 0.06482074409723282 0.06589411199092865
0 0.05481754243373871 0.12508520483970642 0.10963508486747742 0.1476937085390091
0 0.08202625066041946 0.12054078280925751 0.16405250132083893 0.17268802225589752
0 0.04881561920046806 0.06203135475516319 0.09763123840093613 0.03749147802591324
0 0.07442381232976913 0.08986593782901764 0.14884762465953827 0.03862758353352547
0 0.07562419772148132 0.12167689204216003 0.15124839544296265 0.05226084962487221
0 0.07682458311319351 0.15291978418827057 0.15364916622638702 0.04203590005636215
0 0.08202625066041946 0.1779141128063202 0.16405250132083893 0.04203590005636215
0 0.07242317497730255 0.2267666459083557 0.1448463499546051 0.076119065284729
0 0.06402048468589783 0.24153602123260498 0.12804096937179565 0.03521926701068878
0 0.07322343438863754 0.20745284855365753 0.14644686877727509 0.04203590005636215
0 0.0672215074300766 0.11826857179403305 0.1344430148601532 0.152238130569458
0 0.0664212554693222 0.06316746026277542 0.1328425109386444 0.03749147802591324
0 0.0664212554693222 0.09384230524301529 0.1328425109386444 0.030674846842885017
0 0.06482074409723282 0.13133378326892853 0.12964148819446564 0.04430811107158661
0 0.0448143407702446 0.17166553437709808 0.0896286815404892 0.027266530320048332
0 0.1452464759349823 0.5022721886634827 0.2904929518699646 0.15451033413410187
0 0.017605634406208992 0.5124971866607666 0.035211268812417984 0.04317200556397438
0 0.04601472616195679 0.4653487801551819 0.09202945232391357 0.076119065284729
0 0.01280409749597311 0.49431946873664856 0.02560819499194622 0.03862758353352547
