0 0.041105177253484726 0.19408485293388367 0.08221035450696945 0.1866200566291809
0 0.02076447196304798 0.14742983877658844 0.04152894392609596 0.09331002831459045
0 0.01610305905342102 0.1663280725479126 0.03220611810684204 0.1216573715209961
0 0.011865411885082722 0.2188887894153595 0.023730823770165443 0.07086837291717529
0 0.02584964781999588 0.24192100763320923 0.05169929563999176 0.08386091142892838
0 0.05805576592683792 0.1864074468612671 0.11611153185367584 0.16890296339988708
0 0.05297059193253517 0.19113200902938843 0.10594118386507034 0.1452801674604416
0 0.014408000744879246 0.19290371239185333 0.02881600148975849 0.12047623842954636
0 0.013560471124947071 0.15687896311283112 0.027120942249894142 0.06968723237514496
0 0.011441648006439209 0.2171170711517334 0.022883296012878418 0.07204951345920563
0 0.011017883196473122 0.17813946306705475 0.022035766392946243 0.1051214188337326
0 0.023307060822844505 0.1864074468612671 0.04661412164568901 0.1358310431241989
0 0.023307060822844505 0.3110176622867584 0.04661412164568901 0.07559293508529663
0 0.01779811829328537 0.2531418204307556 0.03559623658657074 0.051970139145851135
0 0.018645647913217545 0.2933005690574646 0.03729129582643509 0.056694697588682175
0 0.028392236679792404 0.34349900484085083 0.05678447335958481 0.06260039657354355
0 0.01779811829328537 0.2732211947441101 0.03559623658657074 0.15354813635349274
0 0.026273412629961967 0.4421241581439972 0.052546825259923935 0.19134460389614105
0 0.011017883196473122 0.507677435874939 0.022035766392946243 0.1452801674604416
0 0.01610305905342102 0.5696872472763062 0.03220611810684204 0.09449116140604019
0 0.020340707153081894 0.6541386842727661 0.04068141430616379 0.11220826208591461
0 0.06017459183931351 0.6246102452278137 0.12034918367862701 0.08858546614646912
0 0.05169929563999176 0.6795332431793213 0.10339859127998352 0.07323065400123596
0 0.07966776937246323 0.33404988050460815 0.15933553874492645 0.23977133631706238
0 0.07966776937246323 0.45925068855285645 0.15933553874492645 0.5279693603515625
0 0.019916942343115807 0.5885854959487915 0.03983388468623161 0.0779552087187767
0 0.018645647913217545 0.46102240681648254 0.03729129582643509 0.12992535531520844
0 0.02076447196304798 0.8189076781272888 0.04152894392609596 0.09685344249010086
0 0.041105177253484726 0.8135925531387329 0.08221035450696945 0.15709155797958374
0 0.01949317753314972 0.7155579924583435 0.03898635506629944 0.05551356077194214
0 0.009322823956608772 0.8218605518341064 0.018645647913217545 0.10039686411619186
0 0.027120942249894142 0.7598506808280945 0.054241884499788284 0.21496739983558655
0 0.017374353483319283 0.7114239931106567 0.034748706966638565 0.10866484045982361
0 0.02754470705986023 0.6222479343414307 0.05508941411972046 0.11693281680345535
0 0.06314094364643097 0.4562978446483612 0.12628188729286194 0.2811112105846405
0 0.024578353390097618 0.5631909370422363 0.049156706780195236 0.04133988544344902
0 0.01525553036481142 0.5372058749198914 0.03051106072962284 0.04842672124505043
0 0.05508941411972046 0.5011811256408691 0.11017882823944092 0.10394027829170227
0 0.05847953259944916 0.44862043857574463 0.11695906519889832 0.1216573715209961
0 0.022883296012878418 0.358853816986084 0.045766592025756836 0.08386091142892838
0 0.027120942249894142 0.3564915359020233 0.054241884499788284 0.07677406817674637
0 0.012712941505014896 0.7746149301528931 0.025425883010029793 0.06732495874166489
0 0.029663531109690666 0.6659501194953918 0.05932706221938133 0.09567230194807053
0 0.016950588673353195 0.7657564282417297 0.03390117734670639 0.051970139145851135
0 0.024578353390097618 0.768118679523468 0.049156706780195236 0.16535954177379608
0 0.021612001582980156 0.8165454268455505 0.04322400316596031 0.06614381819963455
0 0.021612001582980156 0.7450864315032959 0.04322400316596031 0.11220826208591461
0 0.07161623984575272 0.7504016160964966 0.14323247969150543 0.2409524768590927
0 0.06483600288629532 0.673627495765686 0.12967200577259064 0.08504205197095871
0 0.03347741439938545 0.775796115398407 0.0669548287987709 0.1759897917509079
0 0.04491906240582466 0.7769772410392761 0.08983812481164932 0.17362751066684723
0 0.053818121552467346 0.6216573715209961 0.10763624310493469 0.06378153711557388
0 0.03686753287911415 0.4905508756637573 0.0737350657582283 0.1559104174375534
0 0.07161623984575272 0.36653122305870056 0.14323247969150543 0.4441084861755371
0 0.025002118200063705 0.19644713401794434 0.05000423640012741 0.06614381819963455
0 0.06737858802080154 0.2803080379962921 0.1347571760416031 0.23150335252285004
0 0.021612001582980156 0.49763771891593933 0.04322400316596031 0.13701218366622925
0 0.03347741439938545 0.4875980317592621 0.0669548287987709 0.12638193368911743
