0 0.03404371067881584 0.5035402178764343 0.06808742135763168 0.09676658362150192
0 0.03361816704273224 0.5843757390975952 0.06723633408546448 0.09322633594274521
0 0.044256825000047684 0.6669813394546509 0.08851365000009537 0.14987018704414368
0 0.04553346335887909 0.5944064259529114 0.09106692671775818 0.29502007365226746
0 0.02893715538084507 0.6929430961608887 0.05787431076169014 0.08850602060556412
0 0.02383059822022915 0.6988435387611389 0.0476611964404583 0.06726457178592682
0 0.028086062520742416 0.7088742256164551 0.05617212504148483 0.05664385110139847
0 0.01957513391971588 0.6138777732849121 0.03915026783943176 0.0767052173614502
0 0.05361884832382202 0.543662965297699 0.10723769664764404 0.14632995426654816
0 0.02893715538084507 0.5649043917655945 0.05787431076169014 0.08968609571456909
0 0.02893715538084507 0.5365824699401855 0.05787431076169014 0.11800802499055862
0 0.03319261968135834 0.5224215388298035 0.06638523936271667 0.09676658362150192
0 0.006808742415159941 0.19258908927440643 0.013617484830319881 0.0011800802312791348
0 0.04042690992355347 0.38730233907699585 0.08085381984710693 0.08142554014921188
0 0.047235649079084396 0.5177012085914612 0.09447129815816879 0.09440641850233078
0 0.01659630984067917 0.5194713473320007 0.03319261968135834 0.08378569781780243
0 0.03149043396115303 0.5129808783531189 0.06298086792230606 0.07552513480186462
0 0.02638387680053711 0.6262685656547546 0.05276775360107422 0.07552513480186462
0 0.11830189824104309 0.7902997136116028 0.23660379648208618 0.22657540440559387
0 0.03106488659977913 0.6274486780166626 0.06212977319955826 0.09912674129009247
0 0.02893715538084507 0.5861458778381348 0.05787431076169014 0.14632995426654816
0 0.05617212504148483 0.5973566174507141 0.11234425008296967 0.15931083261966705
0 0.08851365000009537 0.34127920866012573 0.17702730000019073 0.21595469117164612
0 0.054044391959905624 0.2828652262687683 0.10808878391981125 0.10384706407785416
0 0.07915163040161133 0.37786170840263367 0.15830326080322266 0.14987018704414368
0 0.07957717776298523 0.20379985868930817 0.15915435552597046 0.2171347588300705
0 0.08723701536655426 0.2150106281042099 0.17447403073310852 0.20887421071529388
0 0.028086062520742416 0.8280622959136963 0.05617212504148483 0.09676658362150192
0 0.013617484830319881 0.8186216950416565 0.027234969660639763 0.08024545758962631
0 0.01659630984067917 0.8292424082756042 0.03319261968135834 0.09204626083374023
0 0.025958331301808357 0.8251121044158936 0.051916662603616714 0.09086617827415466
0 0.03617144376039505 0.8174415826797485 0.0723428875207901 0.061364173889160156
0 0.02851160801947117 0.8540240526199341 0.05702321603894234 0.20297379791736603
0 0.01659630984067917 0.8074108958244324 0.03319261968135834 0.10974746197462082
0 0.015319670550525188 0.8540240526199341 0.030639341101050377 0.18645267188549042
0 0.10085449367761612 0.874675452709198 0.20170898735523224 0.12390842288732529
0 0.06681078672409058 0.6994335651397705 0.13362157344818115 0.2076941281557083
0 0.02893715538084507 0.7743686437606812 0.05787431076169014 0.05074344947934151
0 0.017447402700781822 0.7820391654968262 0.034894805401563644 0.044843047857284546
0 0.06468304991722107 0.6758319735527039 0.12936609983444214 0.1534104347229004
0 0.08425818383693695 0.47698843479156494 0.1685163676738739 0.19471323490142822
0 0.06212977319955826 0.3259381651878357 0.12425954639911652 0.22775548696517944
0 0.029788248240947723 0.3943828046321869 0.05957649648189545 0.08378569781780243
0 0.04298018664121628 0.36606088280677795 0.08596037328243256 0.11210761964321136
0 0.04085245355963707 0.271064430475235 0.08170490711927414 0.10856737941503525
0 0.024681691080331802 0.15364645421504974 0.049363382160663605 0.06726457178592682
0 0.02127731963992119 0.2362520694732666 0.04255463927984238 0.10030682384967804
0 0.024681691080331802 0.24215246737003326 0.049363382160663605 0.09558650106191635
0 0.05149111524224281 0.20379985868930817 0.10298223048448563 0.17937219142913818
0 0.03106488659977913 0.2586735785007477 0.06212977319955826 0.13098891079425812
0 0.022128412500023842 0.23979230225086212 0.044256825000047684 0.0767052173614502
0 0.028086062520742416 0.2834552824497223 0.05617212504148483 0.06962473690509796
0 0.00978756695985794 0.41326409578323364 0.01957513391971588 0.03894264996051788
0 0.01957513391971588 0.1766580194234848 0.03915026783943176 0.054283689707517624
