0 0.043382301926612854 0.14536508917808533 0.08676460385322571 0.11742877960205078
0 0.05306961387395859 0.21347378194332123 0.10613922774791718 0.07985156774520874
0 0.0560179241001606 0.2539867162704468 0.1120358482003212 0.09042015671730042
0 0.032852619886398315 0.21288663148880005 0.06570523977279663 0.13034594058990479
0 0.05349080264568329 0.3449940085411072 0.10698160529136658 0.16440029442310333
0 0.07118067145347595 0.3479297161102295 0.1423613429069519 0.13739167153835297
0 0.055175550282001495 0.2539867162704468 0.11035110056400299 0.06223725154995918
0 0.055596739053726196 0.3150496780872345 0.11119347810745239 0.0810258612036705
0 0.008844935335218906 0.34851688146591187 0.017689870670437813 0.02818290702998638
0 0.010950872674584389 0.39079123735427856 0.021901745349168777 0.03757720813155174
0 0.01010849792510271 0.38491979241371155 0.02021699585020542 0.023485755547881126
0 0.021901745349168777 0.3379482924938202 0.043803490698337555 0.084548719227314
0 0.024850057438015938 0.31974682211875916 0.049700114876031876 0.06693440675735474
0 0.03116786852478981 0.35497546195983887 0.06233573704957962 0.19375748932361603
0 0.0560179241001606 0.16767655313014984 0.1120358482003212 0.11273162811994553
0 0.06486286222934723 0.11248502880334854 0.12972572445869446 0.07280584424734116
0 0.026955993846058846 0.1788322925567627 0.05391198769211769 0.04110007360577583
0 0.07118067145347595 0.14712651073932648 0.1423613429069519 0.06223725154995918
0 0.021059369668364525 0.1882265955209732 0.04211873933672905 0.04344864934682846
0 0.02232293225824833 0.28745391964912415 0.04464586451649666 0.05871438980102539
0 0.018532246351242065 0.2469409853219986 0.03706449270248413 0.07632870972156525
0 0.03116786852478981 0.37141549587249756 0.06233573704957962 0.13034594058990479
0 0.03959161788225174 0.556952953338623 0.07918323576450348 0.21019750833511353
0 0.018953433260321617 0.5886587500572205 0.037906866520643234 0.12799736857414246
0 0.021901745349168777 0.6931703686714172 0.043803490698337555 0.13034594058990479
0 0.046330615878105164 0.5692830085754395 0.09266123175621033 0.1456116884946823
0 0.02021699585020542 0.6238873600959778 0.04043399170041084 0.1068601906299591
0 0.016426309943199158 0.4776885211467743 0.032852619886398315 0.06576011329889297
0 0.10529685020446777 0.6009887456893921 0.21059370040893555 0.31001198291778564
0 0.04211873933672905 0.832323431968689 0.0842374786734581 0.14326311647891998
0 0.04506705328822136 0.8229291439056396 0.09013410657644272 0.08689729869365692
0 0.03748568147420883 0.5557786822319031 0.07497136294841766 0.23838041722774506
0 0.03580093011260033 0.5358157753944397 0.07160186022520065 0.05754010006785393
0 0.032010242342948914 0.514091432094574 0.06402048468589783 0.16674886643886566
0 0.023165307939052582 0.5475586652755737 0.046330615878105164 0.048145800828933716
0 0.03074668161571026 0.6996289491653442 0.06149336323142052 0.084548719227314
0 0.07581373304128647 0.8211677074432373 0.15162746608257294 0.1655745804309845
0 0.035379741340875626 0.8605063557624817 0.07075948268175125 0.07045726478099823
0 0.06612642109394073 0.8082505464553833 0.13225284218788147 0.13034594058990479
0 0.06359929591417313 0.7013903856277466 0.12719859182834625 0.10216303914785385
0 0.024428870528936386 0.856983482837677 0.04885774105787277 0.03053148277103901
0 0.024428870528936386 0.8851664066314697 0.04885774105787277 0.03992578387260437
0 0.029061932116746902 0.7970948219299316 0.058123864233493805 0.0939430221915245
0 0.052227240055799484 0.7894619703292847 0.10445448011159897 0.0974658876657486
