0 0.033359233289957047 0.7794079780578613 0.06671846657991409 0.09352568536996841
0 0.022380243986845016 0.8735182285308838 0.04476048797369003 0.05494634062051773
0 0.028292007744312286 0.6847132444381714 0.05658401548862457 0.04208655655384064
0 0.029136544093489647 0.6940658092498779 0.058273088186979294 0.08651126176118851
0 0.06545165926218033 0.7718090415000916 0.13090331852436066 0.1718534380197525
0 0.07938652485609055 0.7525193691253662 0.1587730497121811 0.19406579434871674
0 0.04096006974577904 0.5771586894989014 0.08192013949155807 0.1122308224439621
0 0.029136544093489647 0.17499825358390808 0.058273088186979294 0.06780612468719482
0 0.06671846657991409 0.22702190279960632 0.13343693315982819 0.05027005448937416
0 0.08909870684146881 0.3363300561904907 0.17819741368293762 0.3904697299003601
0 0.03842645883560181 0.4801257848739624 0.07685291767120361 0.09820196777582169
0 0.03251469507813454 0.19662606716156006 0.06502939015626907 0.06196076422929764
0 0.028292007744312286 0.12063644081354141 0.05658401548862457 0.057284481823444366
0 0.05658401548862457 0.2059786319732666 0.11316803097724915 0.15081016719341278
0 0.02533612586557865 0.269692987203598 0.0506722517311573 0.02104327827692032
0 0.05531720817089081 0.3480207622051239 0.11063441634178162 0.24784305691719055
0 0.02533612586557865 0.4006289541721344 0.0506722517311573 0.09820196777582169
0 0.0337815023958683 0.5467628240585327 0.0675630047917366 0.08651126176118851
0 0.02364705130457878 0.3696485757827759 0.04729410260915756 0.07832776010036469
0 0.02786973863840103 0.7928522825241089 0.05573947727680206 0.09703289717435837
0 0.0004222687566652894 0.6139844059944153 0.0008445375133305788 0.008183497004210949
0 0.12372475117444992 0.7759007811546326 0.24744950234889984 0.3156491816043854
0 0.01224579382687807 0.6122308373451233 0.02449158765375614 0.08884940296411514
0 0.06080670282244682 0.8285089731216431 0.12161340564489365 0.20575650036334991
0 0.06882981210947037 0.7221235036849976 0.13765962421894073 0.21277093887329102
0 0.09796635061502457 0.7571956515312195 0.19593270123004913 0.37877902388572693
0 0.06587392836809158 0.6274287700653076 0.13174785673618317 0.1122308224439621
0 0.02195797674357891 0.3339919149875641 0.04391595348715782 0.04442470148205757
0 0.027447469532489777 0.3567887842655182 0.05489493906497955 0.08300404250621796
0 0.04096006974577904 0.35854241251945496 0.08192013949155807 0.14028853178024292
0 0.039270997047424316 0.37841659784317017 0.07854199409484863 0.09352568536996841
0 0.3230355978012085 0.47369590401649475 0.646071195602417 0.5038696527481079
0 0.2947435975074768 0.35328158736228943 0.5894871950149536 0.4290490746498108
0 0.04264914616942406 0.38250836730003357 0.08529829233884811 0.10404732078313828
0 0.01773528754711151 0.37607845664024353 0.03547057509422302 0.06546797603368759
