0 0.08744102716445923 0.2774631977081299 0.17488205432891846 0.21630804240703583
0 0.010980966500937939 0.18912796676158905 0.021961933001875877 0.03737259283661842
0 0.05124450847506523 0.2434881031513214 0.10248901695013046 0.1075877696275711
0 0.05937855690717697 0.313137024641037 0.11875711381435394 0.142695352435112
0 0.026842361316084862 0.5368063449859619 0.053684722632169724 0.06228765472769737
0 0.033349599689245224 0.5436013340950012 0.06669919937849045 0.06908266991376877
0 0.03050268441438675 0.6506229043006897 0.0610053688287735 0.05209513008594513
0 0.0248088501393795 0.6404303312301636 0.049617700278759 0.07701019197702408
0 0.06263218075037003 0.6364665627479553 0.12526436150074005 0.16194790601730347
0 0.019115015864372253 0.6477916240692139 0.03823003172874451 0.05775764584541321
0 0.021148527041077614 0.7015855312347412 0.04229705408215523 0.03850509598851204
0 0.029282577335834503 0.7667044401168823 0.058565154671669006 0.03510758653283119
0 0.021961933001875877 0.8374858498573303 0.043923866003751755 0.06342016160488129
0 0.025215553119778633 0.8448470830917358 0.050431106239557266 0.071347676217556
0 0.015047990716993809 0.8499433994293213 0.030095981433987617 0.033975083380937576
0 0.025215553119778633 0.7531144022941589 0.050431106239557266 0.07361268252134323
0 0.026028957217931747 0.7723669409751892 0.052057914435863495 0.071347676217556
0 0.02277533710002899 0.8363533616065979 0.04555067420005798 0.045300114899873734
0 0.019928419962525368 0.8420158624649048 0.039856839925050735 0.06115515157580376
0 0.01626809872686863 0.8357871174812317 0.03253619745373726 0.041902605444192886
0 0.019521716982126236 0.7814269661903381 0.03904343396425247 0.04643261432647705
0 0.030095981433987617 0.725368082523346 0.060191962867975235 0.03850509598851204
0 0.015047990716993809 0.7197055220603943 0.030095981433987617 0.04077010229229927
0 0.01423458568751812 0.7729331851005554 0.02846917137503624 0.03850509598851204
0 0.01626809872686863 0.7802944779396057 0.03253619745373726 0.04869762063026428
0 0.014641288667917252 0.7106454968452454 0.029282577335834503 0.07021517306566238
0 0.011387668550014496 0.7944507598876953 0.02277533710002899 0.07701019197702408
0 0.033756304532289505 0.7955832481384277 0.06751260906457901 0.07927519828081131
0 0.017894908785820007 0.8069082498550415 0.035789817571640015 0.058890148997306824
0 0.010574263520538807 0.8069082498550415 0.021148527041077614 0.06795016676187515
0 0.04717748612165451 0.7984144687652588 0.09435497224330902 0.1279728263616562
0 0.03700992465019226 0.5622876286506653 0.07401984930038452 0.09739524126052856
0 0.033756304532289505 0.5900339484214783 0.06751260906457901 0.10079275071620941
0 0.06710590422153473 0.5679501891136169 0.13421180844306946 0.14496035873889923
0 0.012201073579490185 0.7616081833839417 0.02440214715898037 0.05662514269351959
0 0.026842361316084862 0.7808607220649719 0.053684722632169724 0.09060022979974747
0 0.011794371530413628 0.8125708103179932 0.023588743060827255 0.047565117478370667
0 0.03945013880729675 0.8448470830917358 0.0789002776145935 0.06228765472769737
0 0.02887587435543537 0.8833522200584412 0.05775174871087074 0.06908266991376877
0 0.011794371530413628 0.7066817879676819 0.023588743060827255 0.06002264842391014
0 0.08500081300735474 0.2718006670475006 0.17000162601470947 0.05549263954162598
0 0.06263218075037003 0.31200453639030457 0.12526436150074005 0.05662514269351959
0 0.08703432232141495 0.37599092721939087 0.1740686446428299 0.2366930991411209
0 0.1492598056793213 0.3657984137535095 0.2985196113586426 0.25934314727783203
0 0.06832601130008698 0.1432616114616394 0.13665202260017395 0.142695352435112
0 0.06873271614313126 0.15515288710594177 0.1374654322862625 0.10079275071620941
0 0.021961933001875877 0.5821064710617065 0.043923866003751755 0.10532276332378387
