0 0.0934087410569191 0.8453176617622375 0.1868174821138382 0.1432950794696808
0 0.04288310185074806 0.6104077100753784 0.08576620370149612 0.03758559376001358
0 0.03099471889436245 0.6156931519508362 0.0619894377887249 0.06929843872785568
0 0.014860481023788452 0.6286132335662842 0.029720962047576904 0.059902042150497437
0 0.04373227432370186 0.617455005645752 0.08746454864740372 0.07517118752002716
0 0.03354223072528839 0.7854155898094177 0.06708446145057678 0.07282209396362305
0 0.17875036597251892 0.719640851020813 0.35750073194503784 0.19497527182102203
0 0.07727450132369995 0.7178789973258972 0.1545490026473999 0.18440432846546173
0 0.08746454864740372 0.6644369959831238 0.17492909729480743 0.07282209396362305
0 0.04712895676493645 0.4870799481868744 0.0942579135298729 0.10805858671665192
0 0.04755353927612305 0.49706363677978516 0.0951070785522461 0.0528547428548336
0 0.02802262268960476 0.45654165744781494 0.05604524537920952 0.044632893055677414
0 0.04712895676493645 0.3502448797225952 0.0942579135298729 0.14446963369846344
0 0.03524056822061539 0.30150106549263 0.07048113644123077 0.084567591547966
0 0.0314193032681942 0.14234957098960876 0.0628386065363884 0.12332773208618164
0 0.026324281468987465 0.39781415462493896 0.05264856293797493 0.09396398812532425
0 0.029720962047576904 0.3285157084465027 0.05944192409515381 0.12215318530797958
0 0.02462594024837017 0.20812435448169708 0.04925188049674034 0.059902042150497437
0 0.01910633221268654 0.5886785387992859 0.03821266442537308 0.0528547428548336
0 0.0314193032681942 0.5957258343696594 0.0628386065363884 0.07869484275579453
0 0.044581443071365356 0.8047956824302673 0.08916288614273071 0.04580744355916977
0 0.09680542349815369 0.78013014793396 0.19361084699630737 0.11158223450183868
0 0.06623528897762299 0.46535077691078186 0.13247057795524597 0.13037502765655518
0 0.05349773168563843 0.2509954273700714 0.10699546337127686 0.2302117645740509
0 0.1261017918586731 0.23278990387916565 0.2522035837173462 0.3042083978652954
0 0.0318438895046711 0.17993517220020294 0.0636877790093422 0.041109245270490646
0 0.053922317922115326 0.13530227541923523 0.10784463584423065 0.12802593410015106
0 0.051374807953834534 0.138825923204422 0.10274961590766907 0.14916783571243286
0 0.11633633822202682 0.1834588199853897 0.23267267644405365 0.25017911195755005
0 0.0322684720158577 0.25863000750541687 0.0645369440317154 0.06929843872785568
0 0.03651432693004608 0.6526914834976196 0.07302865386009216 0.09866219013929367
