0 0.04536695033311844 0.45312851667404175 0.09073390066623688 0.04856561869382858
0 0.04416251927614212 0.5338829755783081 0.08832503855228424 0.15812061727046967
0 0.03452705964446068 0.6095550060272217 0.06905411928892136 0.0813191756606102
0 0.020073872059583664 0.619719922542572 0.04014774411916733 0.054212786257267
0 0.04456399381160736 0.689744770526886 0.08912798762321472 0.1152021661400795
0 0.02850489877164364 0.7208041548728943 0.05700979754328728 0.09826067090034485
0 0.026497511193156242 0.6665913462638855 0.052995022386312485 0.15247346460819244
0 0.02288421429693699 0.12107522040605545 0.04576842859387398 0.039530154317617416
0 0.07909105718135834 0.21142986416816711 0.15818211436271667 0.1682855188846588
0 0.07909105718135834 0.3497854173183441 0.15818211436271667 0.19200360774993896
0 0.0562068410217762 0.12389880418777466 0.1124136820435524 0.13101422786712646
0 0.04335956275463104 0.16964083909988403 0.08671912550926208 0.13666139543056488
0 0.09153685718774796 0.675626814365387 0.1830737143754959 0.2631579041481018
0 0.06062309443950653 0.6694149374961853 0.12124618887901306 0.23266319930553436
0 0.020876826718449593 0.5858368873596191 0.041753653436899185 0.0609893836081028
0 0.08551469445228577 0.7032979726791382 0.17102938890457153 0.08583690971136093
0 0.09635458141565323 0.605601966381073 0.19270916283130646 0.11859046667814255
0 0.0281034205108881 0.708945095539093 0.0562068410217762 0.05873051658272743
0 0.020073872059583664 0.5457420349121094 0.04014774411916733 0.08244860917329788
0 0.02850489877164364 0.1990060955286026 0.05700979754328728 0.10051953792572021
0 0.03452705964446068 0.2842783033847809 0.06905411928892136 0.1016489714384079
0 0.035330016165971756 0.3396205008029938 0.07066003233194351 0.0880957767367363
0 0.03412558138370514 0.4090806543827057 0.06825116276741028 0.07567201554775238
0 0.035330016165971756 0.29726678133010864 0.07066003233194351 0.3060763478279114
0 0.03332262858748436 0.3463971018791199 0.06664525717496872 0.05873051658272743
0 0.019672393798828125 0.2763722538948059 0.03934478759765625 0.04517732188105583
0 0.05018467828631401 0.17641744017601013 0.10036935657262802 0.08018974214792252
0 0.008029548451304436 0.2165123075246811 0.01605909690260887 0.0271063931286335
0 0.03934478759765625 0.264513224363327 0.0786895751953125 0.12310820072889328
0 0.07427332550287247 0.25096002221107483 0.14854665100574493 0.2292748987674713
