0 0.038175709545612335 0.70014488697052 0.07635141909122467 0.1508510559797287
0 0.03902405872941017 0.7500326633453369 0.07804811745882034 0.2530021667480469
0 0.04326580464839935 0.5201926827430725 0.0865316092967987 0.4893750846385956
0 0.016966981813311577 0.4370464086532593 0.033933963626623154 0.09977550804615021
0 0.019512029364705086 0.38240742683410645 0.03902405872941017 0.042760930955410004
0 0.015694458037614822 0.2505612373352051 0.031388916075229645 0.057014573365449905
0 0.023753775283694267 0.16563327610492706 0.047507550567388535 0.05820237845182419
0 0.026298822835087776 0.15137962996959686 0.05259764567017555 0.10809013247489929
0 0.022481251507997513 0.15494304895401 0.044962503015995026 0.11284134536981583
0 0.03223726525902748 0.2707538902759552 0.06447453051805496 0.21142904460430145
0 0.0653228834271431 0.2986672818660736 0.1306457668542862 0.23874853551387787
0 0.03902405872941017 0.5267255902290344 0.07804811745882034 0.16985592246055603
0 0.0852590873837471 0.7613167762756348 0.1705181747674942 0.31833136081695557
0 0.022057076916098595 0.8711886405944824 0.04411415383219719 0.032070696353912354
0 0.03181309252977371 0.8747520446777344 0.06362618505954742 0.036821912974119186
0 0.01484610978513956 0.7969509363174438 0.02969221957027912 0.07839503884315491
0 0.023753775283694267 0.7684436440467834 0.047507550567388535 0.06176578998565674
0 0.022481251507997513 0.698363184928894 0.044962503015995026 0.035634107887744904
0 0.013149411417543888 0.6502571702003479 0.026298822835087776 0.039197519421577454
0 0.030964743345975876 0.6354095935821533 0.06192948669195175 0.057014573365449905
0 0.0771997720003128 0.6567900776863098 0.1543995440006256 0.11165354400873184
0 0.015270284377038479 0.6104657649993896 0.030540568754076958 0.040385324507951736
0 0.045386675745248795 0.7215253710746765 0.09077335149049759 0.2221192866563797
0 0.024177949875593185 0.6520388722419739 0.04835589975118637 0.07839503884315491
0 0.03647901117801666 0.6829217672348022 0.07295802235603333 0.06176578998565674
0 0.035630661994218826 0.7583472728729248 0.07126132398843765 0.13897302746772766
0 0.0759272426366806 0.8349606394767761 0.1518544852733612 0.18054614961147308
0 0.03266144171357155 0.5908669829368591 0.0653228834271431 0.05107555538415909
0 0.05768774077296257 0.5486999750137329 0.11537548154592514 0.09027307480573654
0 0.028419695794582367 0.5077207088470459 0.056839391589164734 0.06532920151948929
0 0.014421935193240643 0.5142536163330078 0.028843870386481285 0.03088289499282837
0 0.015270284377038479 0.5225682854652405 0.030540568754076958 0.05939017981290817
0 0.02545047365128994 0.5219743847846985 0.05090094730257988 0.07720723748207092
0 0.026298822835087776 0.5421670079231262 0.05259764567017555 0.060577984899282455
0 0.017391156405210495 0.47565001249313354 0.03478231281042099 0.04157312586903572
0 0.022481251507997513 0.4079452157020569 0.044962503015995026 0.05107555538415909
0 0.02545047365128994 0.30995142459869385 0.05090094730257988 0.07839503884315491
0 0.04199328273534775 0.37409281730651855 0.0839865654706955 0.07839503884315491
0 0.009331840090453625 0.33311358094215393 0.01866368018090725 0.036821912974119186
0 0.01484610978513956 0.4216049611568451 0.02969221957027912 0.06651700288057327
0 0.01611863262951374 0.43229520320892334 0.03223726525902748 0.04513653740286827
0 0.01484610978513956 0.39666107296943665 0.02969221957027912 0.033258501440286636
0 0.017391156405210495 0.3497428297996521 0.03478231281042099 0.07245602458715439
0 0.01060436386615038 0.29450997710227966 0.02120872773230076 0.042760930955410004
0 0.01823950558900833 0.2861953377723694 0.03647901117801666 0.03800971806049347
0 0.013997760601341724 0.32539287209510803 0.02799552120268345 0.033258501440286636
0 0.04199328273534775 0.43051350116729736 0.0839865654706955 0.09383648633956909
0 0.017815330997109413 0.30816972255706787 0.035630661994218826 0.07245602458715439
0 0.017815330997109413 0.18285642564296722 0.035630661994218826 0.03800971806049347
0 0.022481251507997513 0.23868319392204285 0.044962503015995026 0.042760930955410004
0 0.03011639416217804 0.20720639824867249 0.06023278832435608 0.029695089906454086
0 0.035630661994218826 0.21017591655254364 0.07126132398843765 0.09027307480573654
0 0.027147172018885612 0.10802479833364487 0.054294344037771225 0.10215111076831818
0 0.033509790897369385 0.08605043590068817 0.06701958179473877 0.053451161831617355
0 0.05302181839942932 0.16682107746601105 0.10604363679885864 0.08433406054973602
0 0.017391156405210495 0.1988917738199234 0.03478231281042099 0.043948736041784286
0 0.03308561444282532 0.23215028643608093 0.06617122888565063 0.04869994893670082
0 0.02120872773230076 0.15494304895401 0.04241745546460152 0.053451161831617355
0 0.020360378548502922 0.08961384743452072 0.040720757097005844 0.05582677200436592
0 0.01484610978513956 0.11752723157405853 0.02969221957027912 0.049887754023075104
