0 0.02564924582839012 0.2500566840171814 0.05129849165678024 0.09861709177494049
0 0.036870792508125305 0.2812287509441376 0.07374158501625061 0.21310360729694366
0 0.04849310591816902 0.3923146724700928 0.09698621183633804 0.08614826202392578
0 0.02805386297404766 0.2891634404659271 0.05610772594809532 0.08161414414644241
0 0.04648926109075546 0.28462934494018555 0.09297852218151093 0.08161414414644241
0 0.032061558216810226 0.3492405414581299 0.06412311643362045 0.07481297105550766
0 0.023645399138331413 0.4036499559879303 0.04729079827666283 0.06801179051399231
0 0.028454633429646492 0.420086145401001 0.056909266859292984 0.07594649493694305
0 0.028454633429646492 0.4863976538181305 0.056909266859292984 0.10428474098443985
0 0.02564924582839012 0.49093174934387207 0.05129849165678024 0.07934708893299103
0 0.029656941071152687 0.5056676268577576 0.059313882142305374 0.07481297105550766
0 0.037271562963724136 0.5872818231582642 0.07454312592744827 0.12242121994495392
0 0.03606925159692764 0.5906823873519897 0.07213850319385529 0.1110859215259552
0 0.03326386585831642 0.616186797618866 0.06652773171663284 0.1258218139410019
0 0.041680026799440384 0.8202221989631653 0.08336005359888077 0.09861709177494049
0 0.03446617349982262 0.7289730310440063 0.06893234699964523 0.0838812068104744
0 0.030057711526751518 0.8230559825897217 0.060115423053503036 0.0974835604429245
0 0.028454633429646492 0.21435049176216125 0.056909266859292984 0.06347767263650894
0 0.07774928212165833 0.43765586614608765 0.15549856424331665 0.3309907019138336
0 0.06612696498632431 0.3855134844779968 0.13225392997264862 0.2221718430519104
0 0.06372234970331192 0.5164361596107483 0.12744469940662384 0.16209475696086884
0 0.12383776903152466 0.5311720967292786 0.24767553806304932 0.363863080739975
0 0.03326386585831642 0.47732940316200256 0.06652773171663284 0.13148945569992065
0 0.04769156873226166 0.46429380774497986 0.09538313746452332 0.15756064653396606
